--------------------
NUM_FEATURES = 270000 (3x300x300)
NUM_NEURONS_LAYER = [270000, 128, 128, 128, 128, 128]
LEARNING_RATE = 0.0008
NUM_EPOCHS = 5000
INIT_MEAN, INIT_STD = 0 1
WEIGHT_DECAY = 0
DROPOUT_PROBS = [0.001, 0.61, 0.61, 0.61, 0.61]

Training set loss:
0.18445897102355957
Training set accuracy:
1.0

Validation set loss:
1.2317177057266235
Validation set accuracy:
0.6015625
--------------------
--------------------
NUM_FEATURES = 270000 (3x300x300)
NUM_NEURONS_LAYER = [270000, 64, 64, 64, 64, 64]
LEARNING_RATE = 0.0008
NUM_EPOCHS = 5000
INIT_MEAN, INIT_STD = 0 1
WEIGHT_DECAY = 0.5
DROPOUT_PROBS = [0.001, 0.21000000000000002, 0.21000000000000002, 0.21000000000000002, 0.21000000000000002]

Training set loss:
0.680360734462738
Training set accuracy:
0.832521915435791

Validation set loss:
0.6767988801002502
Validation set accuracy:
0.8203125
--------------------
--------------------
NUM_FEATURES = 270000 (3x300x300)
NUM_NEURONS_LAYER = [270000, 64, 64, 64, 64, 64]
LEARNING_RATE = 0.0015
NUM_EPOCHS = 5000
INIT_MEAN, INIT_STD = 0 1
WEIGHT_DECAY = 0.5
DROPOUT_PROBS = [0.001, 0.21000000000000002, 0.21000000000000002, 0.21000000000000002, 0.21000000000000002]

Training set loss:
0.692962110042572
Training set accuracy:
0.5131450891494751

Validation set loss:
0.6931815147399902
Validation set accuracy:
0.5
--------------------
--------------------
NUM_FEATURES = 270000 (3x300x300)
NUM_NEURONS_LAYER = [270000, 64, 64, 64, 64, 64]
LEARNING_RATE = 0.0002
NUM_EPOCHS = 5000
INIT_MEAN, INIT_STD = 0 1
WEIGHT_DECAY = 0.5
DROPOUT_PROBS = [0.001, 0.21000000000000002, 0.21000000000000002, 0.21000000000000002, 0.21000000000000002]

Training set loss:
0.4839154779911041
Training set accuracy:
0.8977605104446411

Validation set loss:
0.4087165892124176
Validation set accuracy:
0.875
--------------------
--------------------
NUM_FEATURES = 270000 (3x300x300)
NUM_NEURONS_LAYER = [270000, 64, 64, 64, 64, 64, 64, 64, 64, 64, 64, 64, 64, 64, 64, 64, 64, 64, 64, 64, 64, 64, 64, 64, 64, 64, 64, 64, 64, 64, 64, 64, 64, 64, 64, 64, 64, 64, 64, 64, 64, 64, 64, 64, 64, 64, 64, 64, 64, 64, 64, 64, 64, 64, 64, 64, 64, 64, 64, 64, 64, 64, 64, 64, 64, 64, 64, 64, 64, 64, 64, 64, 64, 64, 64, 64, 64, 64, 64, 64, 64, 64, 64, 64, 64, 64, 64, 64, 64, 64, 64, 64, 64, 64, 64, 64, 64, 64, 64, 64, 64]
LEARNING_RATE = 0.001
NUM_EPOCHS = 200
INIT_MEAN, INIT_STD = 0 1
WEIGHT_DECAY = 1

Training set loss:
0.6931000351905823
Training set accuracy:
0.5131450891494751

Validation set loss:
0.6931489109992981
Validation set accuracy:
0.5
--------------------
--------------------
NUM_FEATURES = 270000 (3x300x300)
NUM_NEURONS_LAYER = [270000, 64, 64, 64, 64, 64, 64, 64, 64, 64, 64, 64, 64, 64, 64, 64, 64, 64, 64, 64, 64, 64, 64, 64, 64, 64, 64, 64, 64, 64, 64, 64, 64, 64, 64, 64, 64, 64, 64, 64, 64, 64, 64, 64, 64, 64, 64, 64, 64, 64, 64, 64, 64, 64, 64, 64, 64, 64, 64, 64, 64, 64, 64, 64, 64, 64, 64, 64, 64, 64, 64, 64, 64, 64, 64, 64, 64, 64, 64, 64, 64, 64, 64, 64, 64, 64, 64, 64, 64, 64, 64, 64, 64, 64, 64, 64, 64, 64, 64, 64, 64]
LEARNING_RATE = 0.001
NUM_EPOCHS = 200
INIT_MEAN, INIT_STD = 0 1
WEIGHT_DECAY = 1

Training set loss:
0.6930999755859375
Training set accuracy:
0.5131450891494751

Validation set loss:
0.6931489109992981
Validation set accuracy:
0.5
--------------------
--------------------
NUM_FEATURES = 270000 (3x300x300)
NUM_NEURONS_LAYER = [270000, 64, 64, 64, 64, 64, 64, 64, 64, 64, 64, 64, 64, 64, 64, 64, 64, 64, 64, 64, 64, 64, 64, 64, 64, 64, 64, 64, 64, 64, 64, 64, 64, 64, 64, 64, 64, 64, 64, 64, 64, 64, 64, 64, 64, 64, 64, 64, 64, 64, 64, 64, 64, 64, 64, 64, 64, 64, 64, 64, 64, 64, 64, 64, 64, 64, 64, 64, 64, 64, 64, 64, 64, 64, 64, 64, 64, 64, 64, 64, 64, 64, 64, 64, 64, 64, 64, 64, 64, 64, 64, 64, 64, 64, 64, 64, 64, 64, 64, 64, 64]
LEARNING_RATE = 0.001
NUM_EPOCHS = 1000
INIT_MEAN, INIT_STD = 0 1
WEIGHT_DECAY = 1

Training set loss:
0.6930472254753113
Training set accuracy:
0.5131450891494751

Validation set loss:
0.6931556463241577
Validation set accuracy:
0.5
--------------------
--------------------
NUM_FEATURES = 270000 (3x300x300)
NUM_NEURONS_LAYER = [270000, 64, 64, 64, 64, 64, 64, 64, 64, 64, 64, 64, 64, 64, 64, 64, 64, 64, 64, 64, 64, 64, 64, 64, 64, 64, 64, 64, 64, 64, 64, 64, 64, 64, 64, 64, 64, 64, 64, 64, 64, 64, 64, 64, 64, 64, 64, 64, 64, 64, 64, 64, 64, 64, 64, 64, 64, 64, 64, 64, 64, 64, 64, 64, 64, 64, 64, 64, 64, 64, 64, 64, 64, 64, 64, 64, 64, 64, 64, 64, 64, 64, 64, 64, 64, 64, 64, 64, 64, 64, 64, 64, 64, 64, 64, 64, 64, 64, 64, 64, 64]
LEARNING_RATE = 0.01
NUM_EPOCHS = 1000
INIT_MEAN, INIT_STD = 0 1
WEIGHT_DECAY = 1

Training set loss:
0.6930227875709534
Training set accuracy:
0.5131450891494751

Validation set loss:
0.6931610107421875
Validation set accuracy:
0.5
--------------------
--------------------
NUM_FEATURES = 270000 (3x300x300)
NUM_NEURONS_LAYER = [270000, 64, 64, 64, 64, 64, 64, 64, 64, 64, 64, 64, 64, 64, 64, 64, 64, 64, 64, 64, 64, 64, 64, 64, 64, 64, 64, 64, 64, 64, 64, 64, 64, 64, 64, 64, 64, 64, 64, 64, 64, 64, 64, 64, 64, 64, 64, 64, 64, 64, 64, 64, 64, 64, 64, 64, 64, 64, 64, 64, 64, 64, 64, 64, 64, 64, 64, 64, 64, 64, 64, 64, 64, 64, 64, 64, 64, 64, 64, 64, 64, 64, 64, 64, 64, 64, 64, 64, 64, 64, 64, 64, 64, 64, 64, 64, 64, 64, 64, 64, 64]
LEARNING_RATE = 0.1
NUM_EPOCHS = 1000
INIT_MEAN, INIT_STD = 0 1
WEIGHT_DECAY = 1

Training set loss:
0.6930227875709534
Training set accuracy:
0.5131450891494751

Validation set loss:
0.6931610107421875
Validation set accuracy:
0.5
--------------------
--------------------
NUM_FEATURES = 270000 (3x300x300)
NUM_NEURONS_LAYER = [270000, 64, 64, 64, 64, 64, 64, 64, 64, 64, 64, 64, 64, 64, 64, 64, 64, 64, 64, 64, 64, 64, 64, 64, 64, 64, 64, 64, 64, 64, 64, 64, 64, 64, 64, 64, 64, 64, 64, 64, 64, 64, 64, 64, 64, 64, 64, 64, 64, 64, 64, 64, 64, 64, 64, 64, 64, 64, 64, 64, 64, 64, 64, 64, 64, 64, 64, 64, 64, 64, 64, 64, 64, 64, 64, 64, 64, 64, 64, 64, 64, 64, 64, 64, 64, 64, 64, 64, 64, 64, 64, 64, 64, 64, 64, 64, 64, 64, 64, 64, 64]
LEARNING_RATE = 0.1
NUM_EPOCHS = 1000
INIT_MEAN, INIT_STD = 0 1
WEIGHT_DECAY = 0.1

Training set loss:
0.6928297281265259
Training set accuracy:
0.5131450891494751

Validation set loss:
0.6933234930038452
Validation set accuracy:
0.5
--------------------
--------------------
NUM_FEATURES = 270000 (3x300x300)
NUM_NEURONS_LAYER = [270000, 64, 64, 64, 64, 64, 64, 64, 64, 64, 64, 64, 64, 64, 64, 64, 64, 64, 64, 64, 64, 64, 64, 64, 64, 64, 64, 64, 64, 64, 64, 64, 64, 64, 64, 64, 64, 64, 64, 64, 64, 64, 64, 64, 64, 64, 64, 64, 64, 64, 64, 64, 64, 64, 64, 64, 64, 64, 64, 64, 64, 64, 64, 64, 64, 64, 64, 64, 64, 64, 64, 64, 64, 64, 64, 64, 64, 64, 64, 64, 64, 64, 64, 64, 64, 64, 64, 64, 64, 64, 64, 64, 64, 64, 64, 64, 64, 64, 64, 64, 64]
LEARNING_RATE = 1e-05
NUM_EPOCHS = 200
INIT_MEAN, INIT_STD = 0 1
WEIGHT_DECAY = 1

Training set loss:
0.6931464076042175
Training set accuracy:
0.5131450891494751

Validation set loss:
0.6931471824645996
Validation set accuracy:
0.5
--------------------
--------------------
NUM_FEATURES = 270000 (3x300x300)
NUM_NEURONS_LAYER = [270000, 64, 64, 64, 64, 64, 64, 64, 64, 64, 64, 64, 64, 64, 64, 64, 64, 64, 64, 64, 64, 64, 64, 64, 64, 64, 64, 64, 64, 64, 64, 64, 64, 64, 64, 64, 64, 64, 64, 64, 64, 64, 64, 64, 64, 64, 64, 64, 64, 64, 64, 64, 64, 64, 64, 64, 64, 64, 64, 64, 64, 64, 64, 64, 64, 64, 64, 64, 64, 64, 64, 64, 64, 64, 64, 64, 64, 64, 64, 64, 64, 64, 64, 64, 64, 64, 64, 64, 64, 64, 64, 64, 64, 64, 64, 64, 64, 64, 64, 64, 64]
LEARNING_RATE = 0.4
NUM_EPOCHS = 200
INIT_MEAN, INIT_STD = 0 1
WEIGHT_DECAY = 1

Training set loss:
0.6930227875709534
Training set accuracy:
0.5131450891494751

Validation set loss:
0.6931610107421875
Validation set accuracy:
0.5
--------------------
--------------------
NUM_FEATURES = 270000 (3x300x300)
NUM_NEURONS_LAYER = [270000, 64, 64, 64, 64, 64, 64, 64, 64, 64, 64, 64, 64, 64, 64, 64, 64, 64, 64, 64, 64, 64, 64, 64, 64, 64, 64, 64, 64, 64, 64, 64, 64, 64, 64, 64, 64, 64, 64, 64, 64, 64, 64, 64, 64, 64, 64, 64, 64, 64, 64, 64, 64, 64, 64, 64, 64, 64, 64, 64, 64, 64, 64, 64, 64, 64, 64, 64, 64, 64, 64, 64, 64, 64, 64, 64, 64, 64, 64, 64, 64, 64, 64, 64, 64, 64, 64, 64, 64, 64, 64, 64, 64, 64, 64, 64, 64, 64, 64, 64, 64]
LEARNING_RATE = 0.05
NUM_EPOCHS = 2000
INIT_MEAN, INIT_STD = 0 1
WEIGHT_DECAY = 0.5

Training set loss:
0.6929551959037781
Training set accuracy:
0.5131450891494751

Validation set loss:
0.693185567855835
Validation set accuracy:
0.5
--------------------
--------------------
NUM_FEATURES = 270000 (3x300x300)
NUM_NEURONS_LAYER = [270000, 64, 64, 64, 64, 64, 64, 64, 64, 64, 64, 64, 64, 64, 64, 64, 64, 64, 64, 64, 64, 64, 64, 64, 64, 64, 64, 64, 64, 64, 64, 64, 64, 64, 64, 64, 64, 64, 64, 64, 64, 64, 64, 64, 64, 64, 64, 64, 64, 64, 64, 64, 64, 64, 64, 64, 64, 64, 64, 64, 64, 64, 64, 64, 64, 64, 64, 64, 64, 64, 64, 64, 64, 64, 64, 64, 64, 64, 64, 64, 64, 64, 64, 64, 64, 64, 64, 64, 64, 64, 64, 64, 64, 64, 64, 64, 64, 64, 64, 64, 64]
LEARNING_RATE = 5e-06
NUM_EPOCHS = 10000
INIT_MEAN, INIT_STD = 0 1
WEIGHT_DECAY = 0.5

Training set loss:
0.6931276321411133
Training set accuracy:
0.5131450891494751

Validation set loss:
0.6931474804878235
Validation set accuracy:
0.5
--------------------
--------------------
NUM_FEATURES = 270000 (3x300x300)
NUM_NEURONS_LAYER = [270000, 64, 64, 64, 64, 64, 64, 64, 64, 64, 64, 64, 64, 64, 64, 64, 64, 64, 64, 64, 64, 64, 64, 64, 64, 64, 64, 64, 64, 64, 64, 64, 64, 64, 64, 64, 64, 64, 64, 64, 64, 64, 64, 64, 64, 64, 64, 64, 64, 64, 64, 64, 64, 64, 64, 64, 64, 64, 64, 64, 64, 64, 64, 64, 64, 64, 64, 64, 64, 64, 64, 64, 64, 64, 64, 64, 64, 64, 64, 64, 64, 64, 64, 64, 64, 64, 64, 64, 64, 64, 64, 64, 64, 64, 64, 64, 64, 64, 64, 64, 64]
LEARNING_RATE = 0.0005
NUM_EPOCHS = 2000
INIT_MEAN, INIT_STD = 0 1
WEIGHT_DECAY = 0.5

Training set loss:
0.6929795145988464
Training set accuracy:
0.5131450891494751

Validation set loss:
0.6931747198104858
Validation set accuracy:
0.5
--------------------
--------------------
NUM_FEATURES = 270000 (3x300x300)
NUM_NEURONS_LAYER = [270000, 128, 128, 128, 128, 128, 128, 128, 128, 128, 128, 128, 128, 128, 128, 128, 128, 128, 128, 128, 128, 128, 128, 128, 128, 128, 128, 128, 128, 128, 128, 128, 128, 128, 128, 128, 128, 128, 128, 128, 128, 128, 128, 128, 128, 128, 128, 128, 128, 128, 128, 128, 128, 128, 128, 128, 128, 128, 128, 128, 128, 128, 128, 128, 128, 128, 128, 128, 128, 128, 128, 128, 128, 128, 128, 128, 128, 128, 128, 128, 128, 128, 128, 128, 128, 128, 128, 128, 128, 128, 128, 128, 128, 128, 128, 128, 128, 128, 128, 128, 128]
LEARNING_RATE = 0.0005
NUM_EPOCHS = 2000
INIT_MEAN, INIT_STD = 0 1
WEIGHT_DECAY = 0.05

Training set loss:
0.692925214767456
Training set accuracy:
0.5131450891494751

Validation set loss:
0.6932030320167542
Validation set accuracy:
0.5
--------------------
--------------------
NUM_FEATURES = 270000 (3x300x300)
NUM_NEURONS_LAYER = [270000, 128, 128, 128, 128, 128, 128, 128, 128, 128, 128]
LEARNING_RATE = 0.0005
NUM_EPOCHS = 2000
INIT_MEAN, INIT_STD = 0 1
WEIGHT_DECAY = 0.05

Training set loss:
0.06494489312171936
Training set accuracy:
0.9931840300559998

Validation set loss:
0.4811754822731018
Validation set accuracy:
0.8515625
--------------------
--------------------
NUM_FEATURES = 270000 (3x300x300)
NUM_NEURONS_LAYER = [270000, 128, 128, 128, 128, 128, 128, 128, 128, 128, 128]
LEARNING_RATE = 0.0005
NUM_EPOCHS = 2000
INIT_MEAN, INIT_STD = 0 1
WEIGHT_DECAY = 0.05

Training set loss:
0.09306088089942932
Training set accuracy:
0.9834469556808472

Validation set loss:
0.4680024981498718
Validation set accuracy:
0.8046875
--------------------
